# 35_H_I 35_H_Q 22_H_I 22_H_Q 35_V_I 35_V_Q 22_V_I 22_V_Q
     0:   1018   1023   1018   1016   1018   1023   1019   1016
     1:   1018   1023   1019   1015   1018   1023   1019   1016
     2:   1017   1023   1019   1016   1018   1023   1018   1015
     3:   1018   1023   1019   1015   1018   1023   1019   1016
     4:   1018   1023   1018   1015   1017   1023   1019   1016
     5:   1018   1023   1019   1016   1018   1023   1019   1015
     6:   1018   1023   1019   1015   1017   1023   1019   1016
     7:   1018   1023   1019   1016   1018   1023   1018   1016
     8:   1018   1023   1019   1015   1018   1023   1019   1016
     9:   1018   1023   1019   1016   1018   1023   1019   1015
    10:   1018   1023   1019   1015   1018   1023   1019   1015
    11:   1018   1023   1018   1015   1018   1023   1019   1015
    12:   1018   1023   1019   1015   1018   1023   1018   1016
    13:   1018   1023   1019   1015   1018   1023   1019   1015
    14:   1018   1023   1019   1015   1018   1023   1019   1015
    15:   1018   1023   1019   1015   1018   1023   1018   1015
    16:   1018   1023   1019   1015   1018   1023   1019   1015
    17:   1018   1023   1019   1015   1018   1023   1018   1015
    18:   1018   1023   1019   1016   1018   1023   1019   1015
    19:   1018   1023   1019   1015   1017   1023   1019   1016
    20:   1018   1023   1018   1016   1018   1023   1019   1016
    21:   1018   1023   1019   1015   1017   1023   1018   1015
    22:   1018   1023   1019   1015   1018   1023   1019   1015
    23:   1018   1023   1019   1015   1018   1023   1019   1016
    24:   1018   1023   1019   1016   1018   1023   1019   1015
    25:   1018   1023   1019   1015   1018   1023   1019   1016
    26:   1018   1023   1019   1016   1018   1023   1019   1016
    27:   1018   1023   1019   1016   1018   1023   1019   1015
    28:   1018   1023   1019   1016   1017   1023   1018   1016
    29:   1017   1023   1018   1015   1018   1023   1019   1016
    30:   1018   1023   1018   1015   1017   1023   1019   1015
    31:   1018   1023   1019   1016   1018   1023   1018   1015
    32:   1018   1023   1019   1015   1018   1023   1019   1016
    33:   1017   1023   1019   1016   1018   1023   1019   1016
    34:   1017   1023   1019   1015   1018   1023   1018   1015
    35:   1018   1023   1019   1016   1018   1023   1019   1015
    36:   1018   1023   1019   1015   1018   1023   1018   1015
    37:   1018   1023   1019   1016   1018   1023   1019   1016
    38:   1018   1023   1019   1016   1018   1023   1019   1016
    39:   1018   1023   1019   1015   1018   1023   1019   1015
    40:   1018   1023   1018   1015   1018   1023   1019   1016
    41:   1018   1023   1019   1016   1018   1023   1018   1016
    42:   1018   1023   1019   1016   1018   1023   1019   1016
    43:   1018   1023   1018   1015   1018   1023   1019   1015
    44:   1018   1023   1019   1016   1018   1023   1019   1015
    45:   1018   1023   1019   1016   1018   1023   1019   1015
    46:   1018   1023   1019   1016   1019   1023   1019   1015
    47:   1018   1023   1019   1016   1018   1023   1019   1016
    48:   1018   1023   1019   1016   1018   1023   1019   1015
    49:   1017   1023   1019   1016   1018   1023   1019   1015
    50:   1018   1023   1019   1016   1018   1023   1019   1016
    51:   1018   1023   1019   1015   1018   1023   1019   1016
    52:   1018   1023   1019   1015   1018   1023   1019   1016
    53:   1018   1023   1018   1016   1018   1023   1019   1015
    54:   1017   1023   1019   1016   1019   1023   1018   1015
    55:   1018   1023   1018   1015   1018   1023   1019   1015
    56:   1018   1023   1019   1016   1018   1023   1019   1015
    57:   1018   1023   1018   1016   1018   1023   1019   1016
    58:   1018   1023   1019   1015   1018   1023   1019   1015
    59:   1018   1023   1019   1016   1018   1023   1019   1015
    60:   1018   1023   1019   1016   1019   1023   1019   1015
    61:   1017   1023   1019   1015   1018   1023   1019   1015
    62:   1018   1023   1019   1016   1018   1023   1019   1015
    63:   1018   1023   1019   1016   1018   1023   1019   1016
    64:   1018   1023   1019   1016   1018   1023   1019   1016
    65:   1018   1023   1019   1016   1018   1023   1019   1016
    66:   1018   1023   1019   1015   1018   1023   1018   1015
    67:   1018   1023   1019   1016   1018   1023   1019   1015
    68:   1018   1023   1019   1015   1018   1023   1019   1016
    69:   1018   1023   1019   1016   1018   1023   1019   1016
    70:   1018   1023   1019   1016   1018   1023   1019   1015
    71:   1018   1023   1019   1016   1018   1023   1019   1016
    72:   1018   1023   1019   1016   1018   1023   1018   1015
    73:   1018   1023   1019   1016   1018   1023   1019   1015
    74:   1018   1023   1018   1015   1017   1023   1019   1016
    75:   1018   1023   1018   1015   1017   1023   1019   1016
    76:   1018   1023   1019   1016   1018   1023   1019   1015
    77:   1018   1023   1019   1016   1018   1023   1018   1016
    78:   1018   1023   1019   1015   1017   1023   1019   1015
    79:   1018   1023   1018   1016   1018   1023   1019   1016
    80:   1018   1023   1019   1016   1018   1023   1018   1016
    81:   1018   1023   1019   1016   1019   1023   1019   1016
    82:   1018   1023   1019   1016   1018   1023   1019   1015
    83:   1018   1023   1019   1016   1018   1023   1019   1016
    84:   1018   1023   1019   1016   1018   1023   1018   1015
    85:   1018   1023   1019   1016   1018   1023   1019   1015
    86:   1018   1023   1019   1015   1018   1023   1019   1016
    87:   1018   1023   1019   1015   1017   1023   1019   1016
    88:   1018   1023   1019   1015   1018   1023   1018   1015
    89:   1018   1023   1018   1016   1018   1023   1019   1015
    90:   1017   1023   1019   1016   1018   1023   1019   1016
    91:   1018   1023   1019   1015   1018   1023   1019   1015
    92:   1018   1023   1019   1015   1018   1023   1019   1016
    93:   1018   1023   1019   1016   1018   1023   1019   1016
    94:   1018   1023   1019   1016   1018   1023   1019   1016
    95:   1018   1023   1019   1015   1018   1023   1019   1016
    96:   1018   1023   1019   1016   1018   1023   1019   1015
    97:   1018   1023   1019   1015   1018   1023   1019   1016
    98:   1018   1023   1019   1016   1018   1023   1018   1016
    99:   1018   1023   1019   1016   1018   1023   1019   1016
   100:   1018   1023   1018   1015   1018   1023   1019   1016
   101:   1018   1023   1019   1015   1018   1023   1019   1016
   102:   1018   1023   1019   1016   1018   1023   1019   1016
   103:   1018   1023   1019   1015   1018   1023   1019   1015
   104:   1018   1023   1019   1015   1017   1023   1019   1016
   105:   1018   1023   1019   1016   1018   1023   1019   1015
   106:   1017   1023   1019   1016   1018   1023   1019   1015
   107:   1018   1023   1019   1015   1018   1023   1019   1016
   108:   1018   1023   1019   1016   1018   1023   1019   1015
   109:   1018   1023   1018   1015   1018   1023   1019   1015
   110:   1018   1023   1019   1016   1018   1023   1019   1015
   111:   1018   1023   1019   1016   1018   1023   1019   1016
   112:   1018   1023   1019   1016   1018   1023   1019   1016
   113:   1017   1023   1019   1016   1018   1023   1019   1016
   114:   1018   1023   1019   1016   1018   1023   1019   1015
   115:   1018   1023   1019   1015   1018   1023   1019   1015
   116:   1018   1023   1019   1015   1018   1023   1019   1016
   117:   1018   1023   1019   1016   1018   1023   1019   1016
   118:   1018   1023   1019   1016   1018   1023   1019   1016
   119:   1018   1023   1019   1015   1018   1023   1019   1016
   120:   1018   1023   1018   1015   1018   1023   1019   1016
   121:   1018   1023   1019   1016   1018   1023   1019   1016
   122:   1018   1023   1019   1015   1018   1023   1019   1016
   123:   1018   1023   1019   1016   1018   1023   1019   1015
   124:   1018   1023   1019   1015   1017   1023   1018   1015
   125:   1018   1023   1019   1015   1018   1023   1019   1015
   126:   1018   1023   1019   1016   1018   1023   1019   1016
   127:   1018   1023   1018   1016   1018   1023   1019   1016
   128:   1018   1023   1019   1016   1018   1023   1018   1015
   129:   1018   1023   1019   1016   1018   1023   1019   1016
   130:   1018   1023   1018   1015   1018   1023   1019   1015
   131:   1018   1023   1019   1015   1018   1023   1019   1016
   132:   1018   1023   1019   1015   1018   1023   1019   1015
   133:   1018   1023   1019   1015   1018   1023   1019   1015
   134:   1018   1023   1019   1015   1018   1023   1019   1015
   135:   1018   1023   1019   1016   1018   1023   1019   1016
   136:   1018   1023   1019   1015   1018   1023   1019   1015
   137:   1018   1023   1019   1016   1018   1023   1019   1016
   138:   1018   1023   1019   1016   1018   1023   1018   1016
   139:   1018   1023   1019   1016   1018   1023   1018   1015
   140:   1018   1023   1019   1015   1018   1023   1019   1016
   141:   1018   1023   1019   1015   1017   1023   1019   1016
   142:   1018   1023   1019   1016   1018   1023   1019   1016
   143:   1018   1023   1019   1015   1018   1023   1019   1015
   144:   1017   1023   1018   1016   1017   1023   1019   1016
   145:   1017   1023   1019   1016   1018   1023   1019   1015
   146:   1017   1023   1019   1016   1018   1023   1018   1015
   147:   1018   1023   1019   1016   1018   1023   1019   1016
   148:   1018   1023   1018   1015   1018   1023   1019   1016
   149:   1018   1023   1019   1016   1018   1023   1019   1016
   150:   1018   1023   1019   1016   1018   1023   1019   1015
   151:   1018   1023   1019   1016   1018   1023   1018   1016
   152:   1018   1023   1019   1016   1018   1023   1019   1015
   153:   1018   1023   1019   1016   1018   1023   1019   1016
   154:   1018   1023   1019   1015   1018   1023   1019   1016
   155:   1018   1023   1019   1015   1018   1023   1019   1015
   156:   1018   1023   1019   1016   1018   1023   1019   1015
   157:   1018   1023   1019   1015   1018   1023   1019   1016
   158:   1017   1023   1018   1015   1018   1023   1019   1015
   159:   1018   1023   1019   1016   1018   1023   1019   1015
   160:   1018   1023   1019   1015   1018   1023   1019   1015
   161:   1018   1023   1019   1015   1017   1023   1018   1016
   162:   1018   1023   1019   1016   1018   1023   1019   1015
   163:   1018   1023   1018   1015   1018   1023   1019   1016
   164:   1018   1023   1019   1016   1018   1023   1019   1016
   165:   1018   1023   1018   1016   1018   1023   1019   1016
   166:   1018   1023   1019   1015   1018   1023   1019   1016
   167:   1018   1023   1019   1016   1018   1023   1019   1016
   168:   1018   1023   1019   1016   1018   1023   1019   1015
   169:   1018   1023   1019   1015   1018   1023   1019   1016
   170:   1017   1023   1019   1016   1018   1023   1019   1016
   171:   1018   1023   1019   1016   1018   1023   1018   1015
   172:   1018   1023   1019   1015   1018   1023   1019   1015
   173:   1018   1023   1019   1016   1019   1023   1019   1016
   174:   1018   1023   1018   1016   1018   1023   1019   1015
   175:   1018   1023   1019   1015   1018   1023   1019   1015
   176:   1018   1023   1019   1016   1018   1023   1018   1015
   177:   1018   1023   1019   1016   1018   1023   1019   1016
   178:   1018   1023   1018   1016   1018   1023   1019   1016
   179:   1018   1023   1019   1016   1018   1023   1019   1016
   180:   1018   1023   1019   1015   1018   1023   1019   1016
   181:   1018   1023   1019   1016   1018   1023   1019   1015
   182:   1017   1023   1019   1015   1018   1023   1019   1015
   183:   1018   1023   1018   1015   1017   1023   1019   1015
   184:   1018   1023   1019   1016   1018   1023   1019   1016
   185:   1018   1023   1019   1016   1018   1023   1019   1016
   186:   1018   1023   1019   1016   1018   1023   1019   1015
   187:   1018   1023   1019   1016   1018   1023   1019   1015
   188:   1018   1023   1019   1015   1018   1023   1018   1016
   189:   1017   1023   1019   1016   1018   1023   1019   1015
   190:   1018   1023   1019   1015   1018   1023   1019   1016
   191:   1018   1023   1019   1015   1018   1023   1018   1016
   192:   1018   1023   1018   1016   1018   1023   1019   1015
   193:   1018   1023   1019   1016   1019   1023   1019   1015
   194:   1018   1023   1018   1016   1018   1023   1019   1016
   195:   1018   1023   1019   1016   1018   1023   1019   1016
   196:   1018   1023   1019   1016   1018   1023   1019   1015
   197:   1017   1023   1019   1015   1018   1023   1019   1015
   198:   1018   1023   1018   1015   1018   1023   1019   1015
   199:   1018   1023   1019   1016   1018   1023   1019   1016
   200:   1018   1023   1019   1015   1018   1023   1018   1015
   201:   1018   1023   1019   1016   1018   1023   1019   1015
   202:   1018   1023   1019   1015   1018   1023   1019   1015
   203:   1018   1023   1019   1015   1018   1023   1019   1015
   204:   1018   1023   1019   1015   1018   1023   1019   1016
   205:   1018   1023   1019   1015   1018   1023   1019   1015
   206:   1018   1023   1019   1016   1018   1023   1019   1016
   207:   1018   1023   1019   1015   1018   1023   1019   1016
   208:   1018   1023   1019   1015   1018   1023   1019   1015
   209:   1017   1023   1019   1016   1018   1023   1019   1016
   210:   1018   1023   1019   1016   1018   1023   1019   1016
   211:   1018   1023   1019   1015   1018   1023   1019   1015
   212:   1018   1023   1019   1016   1018   1023   1019   1016
   213:   1018   1023   1019   1016   1018   1023   1019   1015
   214:   1018   1023   1019   1016   1018   1023   1019   1015
   215:   1018   1023   1018   1015   1018   1023   1019   1016
   216:   1018   1023   1018   1015   1018   1023   1019   1016
   217:   1018   1023   1019   1016   1018   1023   1019   1016
   218:   1018   1023   1019   1015   1018   1023   1019   1016
   219:   1018   1023   1018   1016   1018   1023   1019   1016
   220:   1018   1023   1019   1015   1018   1023   1019   1016
   221:   1018   1023   1019   1016   1018   1023   1019   1015
   222:   1017   1023   1019   1016   1018   1023   1020   1016
   223:   1017   1023   1019   1016   1018   1023   1018   1016
   224:   1018   1023   1019   1015   1018   1023   1019   1016
   225:   1018   1023   1018   1015   1018   1023   1019   1015
   226:   1018   1023   1019   1016   1018   1023   1019   1016
   227:   1018   1023   1019   1016   1018   1023   1019   1016
   228:   1018   1023   1019   1016   1018   1023   1019   1016
   229:   1018   1023   1019   1016   1018   1023   1019   1016
   230:   1018   1023   1019   1016   1018   1023   1019   1016
   231:   1018   1023   1019   1015   1018   1023   1018   1016
   232:   1017   1023   1019   1016   1018   1023   1018   1015
   233:   1018   1023   1019   1016   1018   1023   1019   1015
   234:   1018   1023   1019   1016   1018   1023   1019   1016
   235:   1017   1023   1019   1015   1018   1023   1019   1016
   236:   1018   1023   1019   1015   1018   1023   1019   1015
   237:   1018   1023   1019   1016   1018   1023   1019   1015
   238:   1018   1023   1018   1016   1018   1023   1019   1016
   239:   1018   1023   1019   1016   1018   1023   1019   1015
   240:   1018   1023   1019   1015   1018   1023   1019   1016
   241:   1018   1023   1019   1015   1018   1023   1019   1016
   242:   1018   1023   1019   1015   1018   1023   1019   1016
   243:   1018   1023   1019   1016   1018   1023   1019   1015
   244:   1018   1023   1019   1016   1018   1023   1018   1016
   245:   1018   1023   1019   1015   1018   1023   1019   1015
   246:   1018   1023   1019   1016   1018   1023   1019   1016
   247:   1018   1023   1019   1015   1018   1023   1019   1016
   248:   1018   1023   1019   1015   1018   1023   1019   1016
   249:   1018   1023   1018   1016   1018   1023   1019   1016
   250:   1018   1023   1018   1016   1018   1023   1019   1016
   251:   1018   1023   1019   1016   1018   1023   1019   1016
   252:   1018   1023   1019   1015   1018   1023   1019   1016
   253:   1018   1023   1018   1015   1018   1023   1019   1016
   254:   1018   1023   1018   1015   1017   1023   1019   1016
   255:   1018   1023   1019   1016   1018   1023   1018   1016
