     0:     12   1016   1018   1023   1355   1015   1019   1023
     1:     11   1016   1019   1023   1355   1016   1018   1023
     2:     11   1016   1018   1023   1354   1015   1018   1023
     3:     11   1016   1018   1023   1355   1015   1018   1023
     4:     10   1016   1018   1023   1355   1016   1018   1023
     5:     11   1015   1018   1023   1355   1016   1018   1023
     6:     11   1016   1018   1023   1355   1015   1018   1023
     7:     11   1016   1018   1023   1355   1016   1018   1023
     8:     11   1016   1018   1023   1355   1015   1018   1023
     9:     11   1016   1018   1023   1355   1016   1018   1023
    10:     11   1015   1018   1023   1354   1016   1018   1023
    11:     11   1016   1018   1023   1355   1016   1018   1023
    12:     11   1016   1018   1023   1355   1015   1018   1023
    13:     11   1016   1018   1023   1355   1016   1018   1023
    14:     11   1016   1018   1023   1355   1016   1018   1023
    15:     11   1015   1019   1023   1355   1016   1019   1023
    16:     12   1015   1018   1023   1355   1016   1018   1023
    17:     11   1016   1017   1023   1355   1016   1018   1023
    18:     11   1016   1018   1023   1355   1015   1017   1023
    19:     11   1016   1018   1023   1355   1016   1018   1023
    20:     11   1016   1018   1023   1355   1016   1018   1023
    21:     11   1016   1018   1023   1355   1016   1018   1023
    22:     11   1016   1018   1023   1355   1016   1018   1023
    23:     11   1016   1019   1023   1355   1016   1018   1023
    24:     11   1016   1017   1023   1355   1016   1018   1023
    25:     11   1016   1019   1023   1355   1016   1018   1023
    26:     11   1015   1018   1023   1355   1016   1018   1023
    27:     11   1016   1018   1023   1355   1015   1018   1023
    28:     11   1016   1018   1023   1355   1016   1019   1023
    29:     11   1016   1018   1023   1355   1015   1018   1023
    30:     11   1016   1018   1023   1355   1016   1019   1023
    31:     11   1015   1018   1023   1355   1016   1018   1023
    32:     11   1015   1018   1023   1354   1016   1018   1023
    33:     11   1016   1018   1023   1355   1016   1018   1023
    34:     12   1016   1018   1023   1355   1016   1018   1023
    35:     11   1015   1018   1023   1355   1016   1018   1023
    36:     11   1015   1018   1023   1355   1016   1018   1023
    37:     11   1015   1018   1023   1355   1016   1018   1023
    38:     11   1016   1018   1023   1355   1016   1018   1023
    39:     11   1015   1018   1023   1355   1016   1018   1023
    40:     11   1016   1019   1023   1355   1016   1018   1023
    41:     11   1016   1018   1023   1355   1016   1018   1023
    42:     11   1016   1018   1023   1355   1016   1017   1023
    43:     11   1016   1018   1023   1355   1016   1018   1023
    44:     11   1016   1018   1023   1355   1016   1018   1023
    45:     11   1015   1018   1023   1355   1016   1017   1023
    46:     10   1015   1018   1023   1355   1015   1018   1023
    47:     11   1015   1018   1023   1355   1016   1018   1023
    48:     11   1016   1018   1023   1355   1015   1018   1023
    49:     11   1015   1018   1023   1355   1016   1018   1023
    50:     11   1016   1018   1023   1354   1016   1018   1023
    51:     11   1016   1018   1023   1355   1016   1018   1023
    52:     11   1016   1017   1023   1355   1015   1019   1023
    53:     11   1015   1018   1023   1355   1015   1018   1023
    54:     11   1015   1018   1023   1355   1015   1018   1023
    55:     11   1016   1018   1023   1355   1016   1018   1023
    56:     11   1016   1018   1023   1355   1016   1018   1023
    57:     11   1016   1018   1023   1355   1016   1018   1023
    58:     11   1016   1018   1023   1355   1016   1018   1023
    59:     11   1016   1018   1023   1355   1016   1019   1023
    60:     11   1016   1018   1023   1355   1016   1018   1023
    61:     11   1015   1018   1023   1355   1016   1018   1023
    62:     11   1015   1018   1023   1355   1015   1018   1023
    63:     11   1016   1018   1023   1354   1015   1018   1023
    64:     11   1016   1018   1023   1355   1016   1018   1023
    65:     11   1015   1018   1023   1355   1016   1018   1023
    66:     11   1015   1018   1023   1355   1016   1018   1023
    67:     11   1016   1019   1023   1355   1016   1018   1023
    68:     12   1016   1018   1023   1355   1016   1018   1023
    69:     11   1016   1018   1023   1355   1016   1019   1023
    70:     11   1016   1018   1023   1355   1016   1018   1023
    71:     11   1015   1018   1023   1355   1016   1018   1023
    72:     11   1016   1019   1023   1355   1016   1018   1023
    73:     11   1016   1018   1023   1355   1015   1018   1023
    74:     11   1016   1018   1023   1355   1015   1018   1023
    75:     11   1016   1018   1023   1355   1015   1018   1023
    76:     11   1016   1018   1023   1355   1016   1019   1023
    77:     11   1016   1018   1023   1355   1016   1018   1023
    78:     11   1016   1018   1023   1355   1016   1019   1023
    79:     11   1016   1018   1023   1354   1016   1018   1023
    80:     11   1016   1018   1023   1355   1016   1019   1023
    81:     11   1016   1018   1023   1355   1015   1019   1023
    82:     11   1016   1018   1023   1355   1016   1018   1023
    83:     11   1016   1018   1023   1355   1015   1018   1023
    84:     10   1015   1018   1023   1354   1016   1018   1023
    85:     11   1016   1017   1023   1355   1016   1018   1023
    86:     12   1016   1018   1023   1355   1016   1018   1023
    87:     11   1016   1018   1023   1355   1016   1018   1023
    88:     11   1016   1018   1023   1355   1016   1018   1023
    89:     11   1016   1018   1023   1355   1016   1018   1023
    90:     11   1016   1018   1023   1355   1016   1018   1023
    91:     11   1016   1018   1023   1355   1016   1019   1023
    92:     11   1016   1019   1023   1355   1016   1018   1023
    93:     11   1015   1018   1023   1355   1016   1019   1023
    94:     11   1016   1018   1023   1355   1016   1019   1023
    95:     11   1016   1019   1023   1356   1016   1019   1023
    96:     11   1015   1018   1023   1355   1016   1019   1023
    97:     12   1015   1019   1023   1355   1016   1018   1023
    98:     11   1015   1018   1023   1355   1016   1018   1023
    99:     11   1015   1018   1023   1355   1016   1018   1023
   100:     11   1016   1018   1023   1355   1015   1018   1023
   101:     11   1016   1018   1023   1355   1016   1018   1023
   102:     11   1016   1018   1023   1355   1016   1019   1023
   103:     11   1016   1018   1023   1355   1016   1018   1023
   104:     12   1016   1018   1023   1355   1015   1018   1023
   105:     11   1015   1018   1023   1355   1016   1018   1023
   106:     11   1016   1018   1023   1355   1016   1018   1023
   107:     11   1016   1018   1023   1355   1015   1018   1023
   108:     11   1016   1018   1023   1354   1016   1018   1023
   109:     11   1016   1018   1023   1355   1016   1018   1023
   110:     11   1016   1018   1023   1355   1016   1018   1023
   111:     11   1016   1018   1023   1354   1016   1018   1023
   112:     11   1016   1018   1023   1355   1016   1018   1023
   113:     11   1016   1018   1023   1355   1016   1018   1023
   114:     11   1016   1018   1023   1355   1016   1018   1023
   115:     11   1016   1018   1023   1355   1016   1018   1023
   116:     11   1016   1018   1023   1355   1016   1018   1023
   117:     11   1016   1018   1023   1355   1015   1018   1023
   118:     11   1015   1018   1023   1355   1016   1018   1023
   119:     11   1016   1018   1023   1355   1015   1018   1023
   120:     11   1016   1018   1023   1355   1016   1018   1023
   121:     11   1016   1018   1023   1355   1016   1018   1023
   122:     11   1016   1018   1023   1355   1016   1018   1023
   123:     11   1016   1018   1023   1355   1016   1018   1023
   124:     11   1016   1018   1023   1355   1016   1018   1023
   125:     11   1015   1018   1023   1355   1016   1018   1023
   126:     12   1016   1018   1023   1355   1015   1018   1023
   127:     12   1016   1018   1023   1355   1016   1019   1023
   128:     11   1016   1018   1023   1355   1016   1019   1023
   129:     12   1016   1019   1023   1355   1015   1018   1023
   130:     11   1015   1018   1023   1355   1016   1018   1023
   131:     11   1016   1018   1023   1355   1016   1018   1023
   132:     11   1016   1018   1023   1355   1016   1018   1023
   133:     11   1016   1018   1023   1355   1016   1018   1023
   134:     11   1016   1018   1023   1356   1016   1018   1023
   135:     11   1016   1019   1023   1355   1016   1019   1023
   136:     11   1016   1018   1023   1355   1016   1018   1023
   137:     11   1015   1018   1023   1355   1016   1018   1023
   138:     11   1016   1018   1023   1355   1016   1018   1023
   139:     11   1016   1018   1023   1355   1016   1019   1023
   140:     11   1016   1018   1023   1355   1015   1018   1023
   141:     12   1016   1018   1023   1355   1015   1019   1023
   142:     11   1016   1019   1023   1355   1016   1018   1023
   143:     11   1016   1018   1023   1355   1016   1018   1023
   144:     11   1016   1018   1023   1355   1016   1018   1023
   145:     11   1016   1018   1023   1355   1016   1018   1023
   146:     11   1016   1018   1023   1355   1016   1018   1023
   147:     11   1015   1018   1023   1355   1016   1018   1023
   148:     11   1016   1018   1023   1355   1015   1018   1023
   149:     11   1016   1018   1023   1355   1016   1019   1023
   150:     11   1015   1018   1023   1355   1016   1018   1023
   151:     11   1016   1018   1023   1355   1016   1018   1023
   152:     11   1016   1018   1023   1355   1016   1018   1023
   153:     10   1015   1018   1023   1355   1016   1018   1023
   154:     11   1015   1018   1023   1354   1015   1018   1023
   155:     11   1016   1018   1023   1355   1016   1018   1023
   156:     12   1016   1019   1023   1355   1016   1018   1023
   157:     10   1015   1018   1023   1354   1016   1018   1023
   158:     11   1016   1018   1023   1355   1016   1019   1023
   159:     11   1016   1018   1023   1355   1016   1018   1023
   160:     11   1016   1018   1023   1355   1016   1018   1023
   161:     11   1015   1018   1023   1355   1016   1018   1023
   162:     11   1016   1018   1023   1355   1016   1018   1023
   163:     11   1016   1018   1023   1355   1016   1019   1023
   164:     11   1016   1018   1023   1355   1016   1018   1023
   165:     11   1015   1019   1023   1355   1016   1018   1023
   166:     11   1016   1018   1023   1355   1015   1018   1023
   167:     11   1016   1018   1023   1355   1016   1018   1023
   168:     10   1015   1018   1023   1355   1016   1018   1023
   169:     11   1016   1018   1023   1355   1016   1018   1023
   170:     11   1016   1018   1023   1355   1016   1019   1023
   171:     10   1015   1018   1023   1355   1016   1018   1023
   172:     11   1016   1019   1023   1355   1016   1018   1023
   173:     11   1016   1018   1023   1355   1016   1017   1023
   174:     11   1016   1018   1023   1355   1016   1018   1023
   175:     11   1016   1018   1023   1355   1016   1018   1023
   176:     11   1016   1018   1023   1355   1016   1018   1023
   177:     11   1015   1018   1023   1355   1016   1018   1023
   178:     11   1016   1018   1023   1355   1016   1018   1023
   179:     11   1016   1018   1023   1355   1016   1018   1023
   180:     11   1016   1018   1023   1355   1015   1017   1023
   181:     11   1015   1018   1023   1354   1016   1018   1023
   182:     11   1016   1018   1023   1355   1016   1018   1023
   183:     11   1016   1018   1023   1355   1016   1018   1023
   184:     11   1016   1018   1023   1355   1015   1018   1023
   185:     11   1016   1019   1023   1355   1016   1018   1023
   186:     11   1016   1018   1023   1355   1016   1017   1023
   187:     12   1016   1018   1023   1355   1015   1018   1023
   188:     11   1016   1018   1023   1355   1016   1019   1023
   189:     11   1016   1018   1023   1355   1015   1018   1023
   190:     11   1016   1018   1023   1355   1016   1019   1023
   191:     11   1016   1018   1023   1355   1016   1018   1023
   192:     11   1015   1018   1023   1355   1016   1019   1023
   193:     11   1016   1017   1023   1355   1015   1018   1023
   194:     11   1016   1018   1023   1355   1016   1018   1023
   195:     11   1016   1018   1023   1355   1016   1018   1023
   196:     11   1015   1018   1023   1354   1016   1018   1023
   197:     11   1015   1018   1023   1355   1016   1018   1023
   198:     11   1016   1018   1023   1355   1016   1018   1023
   199:     11   1015   1018   1023   1355   1015   1018   1023
   200:     11   1016   1018   1023   1355   1016   1018   1023
   201:     11   1015   1018   1023   1355   1016   1018   1023
   202:     11   1016   1018   1023   1355   1016   1018   1023
   203:     11   1016   1018   1023   1355   1015   1018   1023
   204:     11   1016   1018   1023   1355   1016   1018   1023
   205:     11   1016   1018   1023   1355   1015   1018   1023
   206:     11   1016   1018   1023   1355   1015   1018   1023
   207:     11   1016   1018   1023   1355   1016   1018   1023
   208:     11   1016   1018   1023   1355   1016   1018   1023
   209:     11   1016   1018   1023   1355   1016   1018   1023
   210:     11   1016   1018   1023   1355   1016   1018   1023
   211:     11   1016   1018   1023   1355   1016   1018   1023
   212:     11   1016   1019   1023   1356   1016   1018   1023
   213:     11   1016   1018   1023   1355   1016   1018   1023
   214:     11   1016   1018   1023   1355   1015   1018   1023
   215:     11   1016   1018   1023   1355   1016   1018   1023
   216:     12   1016   1018   1023   1355   1016   1018   1023
   217:     12   1016   1018   1023   1356   1016   1018   1023
   218:     11   1016   1018   1023   1355   1016   1018   1023
   219:     11   1016   1019   1023   1355   1016   1018   1023
   220:     11   1016   1018   1023   1355   1015   1018   1023
   221:     11   1016   1018   1023   1355   1015   1017   1023
   222:     11   1016   1018   1023   1355   1016   1018   1023
   223:     11   1016   1018   1023   1355   1016   1018   1023
   224:     11   1016   1018   1023   1354   1015   1018   1023
   225:     11   1016   1018   1023   1355   1016   1018   1023
   226:     11   1016   1018   1023   1355   1016   1018   1023
   227:     11   1016   1018   1023   1355   1016   1018   1023
   228:     11   1016   1018   1023   1356   1016   1018   1023
   229:     12   1016   1018   1023   1355   1016   1018   1023
   230:     11   1016   1018   1023   1355   1016   1018   1023
   231:     11   1015   1018   1023   1355   1016   1019   1023
   232:     11   1015   1018   1023   1354   1015   1018   1023
   233:     11   1015   1018   1023   1355   1015   1018   1023
   234:     11   1015   1018   1023   1355   1016   1018   1023
   235:     11   1016   1018   1023   1355   1016   1018   1023
   236:     11   1016   1018   1023   1355   1016   1018   1023
   237:     11   1016   1018   1023   1355   1016   1018   1023
   238:     11   1016   1018   1023   1355   1016   1018   1023
   239:     12   1016   1018   1023   1355   1016   1018   1023
   240:     11   1016   1018   1023   1355   1016   1019   1023
   241:     11   1016   1019   1023   1355   1016   1018   1023
   242:     11   1015   1018   1023   1355   1016   1018   1023
   243:     11   1016   1018   1023   1355   1016   1018   1023
   244:     11   1016   1018   1023   1355   1016   1019   1023
   245:     11   1015   1018   1023   1355   1016   1018   1023
   246:     12   1016   1018   1023   1355   1016   1018   1023
   247:     11   1015   1018   1023   1355   1015   1018   1023
   248:     11   1016   1018   1023   1355   1016   1018   1023
   249:     11   1016   1018   1023   1355   1016   1018   1023
   250:     11   1016   1018   1023   1355   1016   1018   1023
   251:     11   1016   1018   1023   1355   1016   1018   1023
   252:     11   1016   1018   1023   1355   1016   1019   1023
   253:     11   1015   1018   1023   1355   1016   1018   1023
   254:     11   1016   1018   1023   1355   1016   1018   1023
   255:     11   1016   1018   1023   1355   1015   1018   1023
