# delay 35_H_I 35_H_Q 22_H_I 22_H_Q 35_V_I 35_V_Q 22_V_I 22_V_Q
    15 1015.8 1018.9 1022.5 1019.0 1015.8 1018.9 1022.6 1018.9
    17 1015.9 1018.9 1022.6 1019.0 1015.8 1018.9 1022.6 1018.9
    19 1015.8 1018.9 1022.6 1019.0 1015.8 1018.9 1022.6 1019.0
    21 1015.8 1018.9 1022.6 1019.0 1015.8 1018.9 1022.6 1019.0
    23 1015.8 1018.8 1022.5 1019.0 1015.9 1018.8 1022.7 1019.0
    25 1015.8 1018.9 1022.6 1019.0 1015.7 1018.9 1022.5 1019.0
    27 1015.7 1018.9 1022.5 1018.9 1015.7 1018.9 1022.5 1019.0
    29 1015.8 1018.9 1022.7 1019.0 1015.8 1018.9 1022.6 1018.9
    31 1015.8 1018.9 1022.6 1019.0 1015.8 1018.9 1022.7 1019.0
    33 1015.8 1018.8 1022.5 1019.0 1015.8 1018.9 1022.6 1018.9
    35 1015.7 1018.9 1022.5 1019.0 1015.7 1018.9 1022.6 1019.0
    37 1015.8 1018.9 1022.6 1019.0 1015.8 1018.9 1022.6 1019.0
    39 1015.7 1018.9 1022.6 1019.0 1015.7 1018.9 1022.5 1019.0
    41 1015.8 1018.8 1022.6 1019.0 1015.8 1018.9 1022.6 1019.0
    43 1015.8 1018.9 1022.6 1019.0 1015.8 1018.9 1022.6 1018.9
    45 1015.8 1018.9 1022.5 1019.0 1015.8 1018.9 1022.6 1019.0
    47 1015.8 1018.9 1022.6 1019.0 1015.7 1018.9 1022.7 1019.0
    49 1015.8 1018.9 1022.5 1019.0 1015.8 1018.9 1022.5 1019.0
    51 1015.8 1018.9 1022.6 1019.0 1015.8 1018.9 1022.5 1019.0
    53 1015.8 1018.9 1022.6 1019.0 1015.8 1018.9 1022.6 1019.0
    55 1015.8 1019.0 1022.6 1018.9 1015.8 1018.9 1022.7 1019.0
    57 1015.8 1018.9 1022.6 1019.0 1015.8 1018.9 1022.6 1019.0
    59 1015.8 1018.9 1022.7 1019.0 1015.8 1018.9 1022.6 1018.9
    61 1015.8 1018.9 1022.6 1019.0 1015.9 1018.9 1022.6 1019.0
    63 1015.9 1018.9 1022.7 1019.0 1015.8 1018.9 1022.7 1019.0
    65 1015.8 1018.9 1022.6 1019.0 1015.8 1018.9 1022.7 1019.0
    67 1015.8 1018.9 1022.6 1019.0 1015.8 1018.9 1022.7 1019.0
    69 1015.8 1018.9 1022.6 1018.9 1015.8 1018.9 1022.6 1018.9
    71 1015.8 1018.9 1022.6 1019.0 1015.8 1018.9 1022.6 1019.0
    73 1015.8 1018.9 1022.6 1019.0 1015.8 1018.9 1022.6 1019.0
    75 1015.8 1018.8 1022.6 1019.0 1015.8 1018.8 1022.6 1019.0
    77 1015.8 1018.9 1022.6 1019.0 1015.8 1018.9 1022.6 1019.0
    79 1015.8 1018.9 1022.6 1019.0 1015.9 1018.9 1022.6 1019.0
    81 1015.9 1018.9 1022.6 1019.0 1015.8 1018.9 1022.6 1019.0
    83 1015.8 1018.9 1022.7 1019.0 1015.8 1018.9 1022.6 1019.0
    85 1015.8 1018.9 1022.6 1019.0 1015.9 1018.9 1022.6 1019.0
    87 1015.8 1018.9 1022.6 1019.0 1015.7 1018.9 1022.7 1019.0
    89 1015.8 1018.9 1022.6 1019.0 1015.8 1018.9 1022.6 1019.0
    91 1015.9 1018.9 1022.6 1019.0 1015.8 1018.9 1022.6 1019.0
    93 1015.8 1018.9 1022.6 1019.0 1015.7 1018.8 1022.6 1019.0
    95 1015.7 1018.9 1022.6 1019.0 1015.7 1018.9 1022.6 1019.0
    97 1015.8 1018.9 1022.6 1019.0 1015.8 1018.9 1022.6 1019.0
    99 1015.7 1018.9 1022.6 1018.9 1015.8 1018.9 1022.6 1019.0
   101 1015.8 1018.9 1022.6 1019.0 1015.8 1018.9 1022.6 1019.0
   103 1015.7 1018.9 1022.7 1019.0 1015.8 1018.9 1022.6 1018.9
   105 1015.8 1018.8 1022.6 1019.0 1015.8 1018.9 1022.5 1019.0
   107 1015.7 1018.9 1022.7 1019.0 1015.8 1018.9 1022.6 1019.0
   109 1015.8 1018.9 1022.6 1019.0 1015.8 1018.9 1022.6 1019.0
   111 1015.8 1018.9 1022.6 1019.0 1015.8 1018.9 1022.7 1019.0
   113 1015.9 1018.9 1022.6 1019.0 1015.8 1018.9 1022.6 1019.0
   115 1015.8 1018.9 1022.7 1019.0 1015.8 1018.9 1022.7 1019.0
   117 1015.8 1018.9 1022.7 1019.0 1015.8 1018.9 1022.6 1019.0
   119 1015.8 1018.9 1022.5 1019.0 1015.9 1018.9 1022.5 1019.0
   121 1015.8 1018.9 1022.6 1019.0 1015.8 1018.9 1022.7 1019.0
   123 1015.8 1019.0 1022.7 1019.0 1015.8 1018.9 1022.7 1019.0
   125 1015.8 1018.9 1022.6 1019.0 1015.8 1018.9 1022.6 1019.0
   127 1015.9 1018.9 1022.6 1019.0 1015.8 1018.9 1022.6 1019.0
   129 1015.9 1018.9 1022.6 1019.0 1015.8 1019.0 1022.7 1019.0
   131 1015.8 1018.9 1022.6 1019.0 1015.8 1018.8 1022.7 1019.0
   133 1015.8 1018.8 1022.5 1019.0 1015.8 1018.9 1022.6 1019.0
   135 1015.8 1018.9 1022.6 1019.0 1015.8 1018.9 1022.8 1019.0
   137 1015.8 1018.9 1022.7 1019.0 1015.8 1018.8 1022.6 1019.0
   139 1015.9 1018.9 1022.7 1019.0 1015.8 1018.9 1022.6 1019.0
   141 1015.8 1018.9 1022.6 1019.0 1015.8 1018.9 1022.5 1019.0
   143 1015.8 1018.9 1022.6 1019.0 1015.8 1018.9 1022.5 1019.0
   145 1015.8 1018.9 1022.6 1019.0 1015.8 1018.9 1022.5 1019.0
   147 1015.8 1018.9 1022.6 1019.0 1015.8 1018.9 1022.7 1019.0
   149 1015.8 1018.9 1022.6 1018.9 1015.8 1018.9 1022.6 1019.0
   151 1015.7 1018.9 1022.6 1019.0 1015.8 1018.9 1022.6 1019.0
   153 1015.8 1019.0 1022.6 1019.0 1015.8 1018.9 1022.7 1019.0
   155 1015.8 1018.9 1022.6 1019.0 1015.8 1018.9 1022.7 1019.0
   157 1015.8 1018.9 1022.7 1019.0 1015.8 1018.9 1022.6 1019.0
   159 1015.7 1018.9 1022.6 1019.0 1015.8 1018.9 1022.5 1019.0
   161 1015.8 1018.9 1022.6 1019.0 1015.7 1018.8 1022.6 1018.9
   163 1015.7 1018.9 1022.5 1019.0 1015.7 1018.9 1022.7 1019.0
   165 1015.8 1018.8 1022.5 1018.9 1015.8 1018.8 1022.6 1019.0
   167 1015.8 1018.9 1022.7 1019.0 1015.9 1018.8 1022.6 1019.0
   169 1015.8 1018.9 1022.6 1019.0 1015.8 1018.9 1022.5 1019.0
   171 1015.8 1018.9 1022.6 1019.0 1015.8 1018.9 1022.7 1019.0
   173 1015.8 1018.9 1022.6 1018.9 1015.8 1018.9 1022.7 1019.0
   175 1015.8 1018.8 1022.6 1019.0 1015.8 1019.0 1022.7 1019.0
   177 1015.8 1018.9 1022.5 1019.0 1015.8 1018.9 1022.7 1019.0
   179 1015.8 1018.9 1022.7 1019.0 1015.8 1018.9 1022.7 1019.0
   181 1015.9 1018.9 1022.6 1019.0 1015.8 1018.9 1022.6 1018.9
   183 1015.8 1018.9 1022.6 1019.0 1015.8 1018.8 1022.5 1019.0
   185 1015.7 1018.9 1022.5 1019.0 1015.8 1018.9 1022.5 1019.0
   187 1015.8 1018.9 1022.6 1019.0 1015.8 1018.9 1022.6 1019.0
   189 1015.8 1018.9 1022.7 1018.9 1015.8 1018.9 1022.6 1019.0
   191 1015.8 1018.9 1022.6 1018.9 1015.8 1018.9 1022.7 1018.9
   193 1015.8 1018.9 1022.7 1019.0 1015.8 1018.9 1022.6 1019.0
   195 1015.9 1018.9 1022.5 1019.0 1015.8 1018.9 1022.6 1018.9
   197 1015.8 1018.9 1022.6 1019.0 1015.8 1018.9 1022.7 1019.0
   199 1015.8 1018.9 1022.6 1019.0 1015.8 1018.9 1022.7 1019.0
   201 1015.8 1018.9 1022.7 1019.0 1015.7 1018.9 1022.6 1019.0
   203 1015.8 1018.8 1022.6 1019.0 1015.8 1018.9 1022.6 1019.0
   205 1015.8 1018.9 1022.6 1019.0 1015.8 1018.9 1022.6 1019.0
   207 1015.8 1018.9 1022.6 1019.0 1015.8 1018.9 1022.7 1019.0
   209 1015.8 1018.8 1022.5 1019.0 1015.8 1018.9 1022.6 1019.0
   211 1015.8 1018.9 1022.7 1019.0 1015.7 1018.9 1022.7 1019.0
   213 1015.7 1018.9 1022.6 1019.0 1015.7 1018.9 1022.6 1019.0
   215 1015.8 1018.9 1022.5 1019.0 1015.7 1018.9 1022.6 1019.0
   217 1015.8 1018.9 1022.6 1019.0 1015.8 1018.9 1022.7 1019.0
   219 1015.8 1018.9 1022.6 1019.0 1015.7 1018.9 1022.6 1019.0
   221 1015.8 1018.9 1022.7 1019.0 1015.8 1018.9 1022.7 1019.0
   223 1015.8 1018.9 1022.6 1018.9 1015.8 1018.9 1022.6 1019.0
   225 1015.9 1018.9 1022.5 1019.0 1015.8 1018.9 1022.6 1019.0
   227 1015.8 1018.9 1022.6 1019.0 1015.8 1018.9 1022.7 1019.0
   229 1015.8 1018.9 1022.7 1019.0 1015.8 1018.9 1022.6 1019.0
   231 1015.8 1018.9 1022.5 1019.0 1015.8 1018.9 1022.6 1019.0
   233 1015.8 1018.9 1022.5 1018.9 1015.8 1018.9 1022.6 1019.0
   235 1015.7 1018.9 1022.5 1019.0 1015.7 1018.9 1022.5 1019.0
   237 1015.7 1018.9 1022.6 1019.0 1015.8 1018.9 1022.6 1019.0
   239 1015.7 1018.9 1022.6 1019.0 1015.7 1018.9 1022.7 1019.0
   241 1015.7 1018.9 1022.6 1019.0 1015.8 1018.9 1022.7 1019.0
   243 1015.8 1018.9 1022.7 1019.0 1015.8 1018.9 1022.6 1019.0
   245 1015.8 1018.9 1022.6 1019.0 1015.8 1019.0 1022.7 1019.0
   247 1015.8 1018.9 1022.6 1019.0 1015.8 1018.9 1022.5 1019.0
   249 1015.8 1018.9 1022.6 1019.0 1015.8 1018.9 1022.6 1019.0
